7F 45 4C 46 02 01 01 00 00 00 00 00 00 00 00 00
02 00 3E 00 01 00 00 00 56 09 40 00 00 00 00 00
40 00 00 00 00 00 00 00 D0 29 00 00 00 00 00 00
00 00 00 00 40 00 38 00 08 00 40 00 1D 00 1A 00
06 00 00 00 05 00 00 00 40 00 00 00 00 00 00 00
40 00 40 00 00 00 00 00 40 00 40 00 00 00 00 00
C0 01 00 00 00 00 00 00 C0 01 00 00 00 00 00 00
08 00 00 00 00 00 00 00 03 00 00 00 04 00 00 00
00 02 00 00 00 00 00 00 00 02 40 00 00 00 00 00
00 02 40 00 00 00 00 00 1C 00 00 00 00 00 00 00
1C 00 00 00 00 00 00 00 01 00 00 00 00 00 00 00
01 00 00 00 05 00 00 00 00 00 00 00 00 00 00 00
00 00 40 00 00 00 00 00 00 00 40 00 00 00 00 00
E4 1B 00 00 00 00 00 00 E4 1B 00 00 00 00 00 00
00 00 20 00 00 00 00 00 01 00 00 00 06 00 00 00
E8 1B 00 00 00 00 00 00 E8 1B 60 00 00 00 00 00
E8 1B 60 00 00 00 00 00 80 02 00 00 00 00 00 00
A0 02 00 00 00 00 00 00 00 00 20 00 00 00 00 00
02 00 00 00 06 00 00 00 00 1C 00 00 00 00 00 00
00 1C 60 00 00 00 00 00 00 1C 60 00 00 00 00 00
D0 01 00 00 00 00 00 00 D0 01 00 00 00 00 00 00
08 00 00 00 00 00 00 00 04 00 00 00 04 00 00 00
1C 02 00 00 00 00 00 00 1C 02 40 00 00 00 00 00
1C 02 40 00 00 00 00 00 20 00 00 00 00 00 00 00
20 00 00 00 00 00 00 00 04 00 00 00 00 00 00 00
50 E5 74 64 04 00 00 00 A4 1A 00 00 00 00 00 00
A4 1A 40 00 00 00 00 00 A4 1A 40 00 00 00 00 00
34 00 00 00 00 00 00 00 34 00 00 00 00 00 00 00
04 00 00 00 00 00 00 00 51 E5 74 64 06 00 00 00
00 00 00 00 00 00 00 00 00 00 00 00 00 00 00 00
00 00 00 00 00 00 00 00 00 00 00 00 00 00 00 00
00 00 00 00 00 00 00 00 10 00 00 00 00 00 00 00
2F 6C 69 62 36 34 2F 6C 64 2D 6C 69 6E 75 78 2D
78 38 36 2D 36 34 2E 73 6F 2E 32 00 04 00 00 00
10 00 00 00 01 00 00 00 47 4E 55 00 00 00 00 00
02 00 00 00 06 00 00 00 20 00 00 00 00 00 00 00
03 00 00 00 10 00 00 00 0F 00 00 00 0C 00 00 00
0D 00 00 00 00 00 00 00 00 00 00 00 01 00 00 00
00 00 00 00 02 00 00 00 00 00 00 00 05 00 00 00
03 00 00 00 06 00 00 00 04 00 00 00 08 00 00 00
09 00 00 00 07 00 00 00 0A 00 00 00 0B 00 00 00
0E 00 00 00 00 00 00 00 00 00 00 00 00 00 00 00
00 00 00 00 00 00 00 00 00 00 00 00 00 00 00 00
1F 00 00 00 12 00 00 00 00 00 00 00 00 00 00 00
00 00 00 00 00 00 00 00 2D 00 00 00 11 00 18 00
70 1E 60 00 00 00 00 00 08 00 00 00 00 00 00 00
1A 00 00 00 12 00 00 00 00 00 00 00 00 00 00 00
00 00 00 00 00 00 00 00 27 00 00 00 11 00 18 00
78 1E 60 00 00 00 00 00 08 00 00 00 00 00 00 00
3B 00 00 00 12 00 00 00 00 00 00 00 00 00 00 00
00 00 00 00 00 00 00 00 13 00 00 00 12 00 00 00
00 00 00 00 00 00 00 00 00 00 00 00 00 00 00 00
58 00 00 00 12 00 00 00 00 00 00 00 00 00 00 00
00 00 00 00 00 00 00 00 51 00 00 00 12 00 00 00
00 00 00 00 00 00 00 00 00 00 00 00 00 00 00 00
6A 00 00 00 20 00 00 00 00 00 00 00 00 00 00 00
00 00 00 00 00 00 00 00 34 00 00 00 12 00 00 00
00 00 00 00 00 00 00 00 00 00 00 00 00 00 00 00
0B 00 00 00 12 00 00 00 00 00 00 00 00 00 00 00
00 00 00 00 00 00 00 00 49 00 00 00 12 00 00 00
00 00 00 00 00 00 00 00 00 00 00 00 00 00 00 00
12 00 00 00 12 00 00 00 00 00 00 00 00 00 00 00
00 00 00 00 00 00 00 00 43 00 00 00 12 00 00 00
00 00 00 00 00 00 00 00 00 00 00 00 00 00 00 00
42 00 00 00 12 00 00 00 00 00 00 00 00 00 00 00
00 00 00 00 00 00 00 00 00 6C 69 62 63 2E 73 6F
2E 36 00 66 66 6C 75 73 68 00 73 70 72 69 6E 74
66 00 70 75 74 73 00 70 75 74 63 68 61 72 00 73
74 64 69 6E 00 73 74 64 6F 75 74 00 6D 61 6C 6C
6F 63 00 73 79 73 74 65 6D 00 75 73 6C 65 65 70
00 67 65 74 6C 69 6E 65 00 73 74 72 63 6D 70 00
5F 5F 6C 69 62 63 5F 73 74 61 72 74 5F 6D 61 69
6E 00 5F 5F 67 6D 6F 6E 5F 73 74 61 72 74 5F 5F
00 47 4C 49 42 43 5F 32 2E 32 2E 35 00 00 00 00
02 00 02 00 02 00 02 00 02 00 02 00 02 00 02 00
00 00 02 00 02 00 02 00 02 00 02 00 02 00 00 00
01 00 01 00 01 00 00 00 10 00 00 00 00 00 00 00
75 1A 69 09 00 00 02 00 79 00 00 00 00 00 00 00
D0 1D 60 00 00 00 00 00 06 00 00 00 09 00 00 00
00 00 00 00 00 00 00 00 70 1E 60 00 00 00 00 00
05 00 00 00 02 00 00 00 00 00 00 00 00 00 00 00
78 1E 60 00 00 00 00 00 05 00 00 00 04 00 00 00
00 00 00 00 00 00 00 00 F0 1D 60 00 00 00 00 00
07 00 00 00 01 00 00 00 00 00 00 00 00 00 00 00
F8 1D 60 00 00 00 00 00 07 00 00 00 03 00 00 00
00 00 00 00 00 00 00 00 00 1E 60 00 00 00 00 00
07 00 00 00 05 00 00 00 00 00 00 00 00 00 00 00
08 1E 60 00 00 00 00 00 07 00 00 00 06 00 00 00
00 00 00 00 00 00 00 00 10 1E 60 00 00 00 00 00
07 00 00 00 07 00 00 00 00 00 00 00 00 00 00 00
18 1E 60 00 00 00 00 00 07 00 00 00 08 00 00 00
00 00 00 00 00 00 00 00 20 1E 60 00 00 00 00 00
07 00 00 00 09 00 00 00 00 00 00 00 00 00 00 00
28 1E 60 00 00 00 00 00 07 00 00 00 0A 00 00 00
00 00 00 00 00 00 00 00 30 1E 60 00 00 00 00 00
07 00 00 00 0B 00 00 00 00 00 00 00 00 00 00 00
38 1E 60 00 00 00 00 00 07 00 00 00 0C 00 00 00
00 00 00 00 00 00 00 00 40 1E 60 00 00 00 00 00
07 00 00 00 0D 00 00 00 00 00 00 00 00 00 00 00
48 1E 60 00 00 00 00 00 07 00 00 00 0E 00 00 00
00 00 00 00 00 00 00 00 50 1E 60 00 00 00 00 00
07 00 00 00 0F 00 00 00 00 00 00 00 00 00 00 00
48 83 EC 08 48 8B 05 65 17 20 00 48 85 C0 74 05
E8 7B 00 00 00 48 83 C4 08 C3 00 00 00 00 00 00
FF 35 5A 17 20 00 FF 25 5C 17 20 00 0F 1F 40 00
FF 25 5A 17 20 00 68 00 00 00 00 E9 E0 FF FF FF
FF 25 52 17 20 00 68 01 00 00 00 E9 D0 FF FF FF
FF 25 4A 17 20 00 68 02 00 00 00 E9 C0 FF FF FF
FF 25 42 17 20 00 68 03 00 00 00 E9 B0 FF FF FF
FF 25 3A 17 20 00 68 04 00 00 00 E9 A0 FF FF FF
FF 25 32 17 20 00 68 05 00 00 00 E9 90 FF FF FF
FF 25 2A 17 20 00 68 06 00 00 00 E9 80 FF FF FF
FF 25 22 17 20 00 68 07 00 00 00 E9 70 FF FF FF
FF 25 1A 17 20 00 68 08 00 00 00 E9 60 FF FF FF
FF 25 12 17 20 00 68 09 00 00 00 E9 50 FF FF FF
FF 25 0A 17 20 00 68 0A 00 00 00 E9 40 FF FF FF
FF 25 02 17 20 00 68 0B 00 00 00 E9 30 FF FF FF
FF 25 FA 16 20 00 68 0C 00 00 00 E9 20 FF FF FF
41 54 55 BE 40 0B 40 00 53 B9 85 00 00 00 31 DB
48 81 EC 90 0A 00 00 48 8D BC 24 A0 01 00 00 F3
A5 48 8D BC 24 B4 03 00 00 BE 80 0D 40 00 B1 85
F3 A5 8B BC 1C B4 03 00 00 33 BC 1C A0 01 00 00
48 83 C3 04 E8 E7 FE FF FF 48 81 FB 14 02 00 00
75 E0 BF 20 00 00 00 E8 D4 FE FF FF 48 8B 15 B5
16 20 00 48 8D 74 24 08 48 89 E7 48 C7 04 24 00
00 00 00 E8 48 FF FF FF 48 8B 34 24 BF 04 0B 40
00 E8 FA FE FF FF 85 C0 74 0F BF 07 0B 40 00 E8
AC FE FF FF E9 4F 01 00 00 48 8D 7C 24 10 BE C0
0F 40 00 B9 32 00 00 00 F3 A5 48 8D BC 24 D8 00
00 00 BE C0 10 40 00 31 DB B1 32 F3 A5 BF 32 00
00 00 E8 D9 FE FF FF 48 89 C5 8B 94 9C D8 00 00
00 33 54 9C 10 48 8D 7C 1D 00 31 C0 BE 22 0B 40
00 48 FF C3 E8 E7 FE FF FF 48 83 FB 32 75 DB 48
89 EF B3 0A E8 57 FE FF FF BF 25 0B 40 00 89 C5
31 C0 E8 59 FE FF FF 48 8B 3D 02 16 20 00 E8 9D
FE FF FF BF 01 00 00 00 E8 C3 FE FF FF BF 2E 00
00 00 E8 09 FE FF FF 48 8B 3D E2 15 20 00 E8 7D
FE FF FF FF CB 75 DC BB 64 00 00 00 BF 20 4E 00
00 E8 AA FE FF FF BF 2E 00 00 00 E8 E0 FD FF FF
48 8B 3D B9 15 20 00 E8 54 FE FF FF FF CB 75 DC
85 ED 48 8D 9C 24 C8 05 00 00 48 8D AC 24 2C 08
00 00 EB 3B BE C0 11 40 00 B9 75 00 00 00 48 89
DF F3 A5 BE C0 13 40 00 48 89 EF 45 31 E4 B1 75
F3 A5 42 8B 7C 25 00 42 33 3C 23 49 83 C4 04 E8
8C FD FF FF 49 81 FC D4 01 00 00 75 E5 EB 39 BE
C0 15 40 00 B9 99 00 00 00 48 89 DF F3 A5 BE 40
18 40 00 48 89 EF 45 31 E4 B1 99 F3 A5 42 8B 7C
25 00 42 33 3C 23 49 83 C4 04 E8 51 FD FF FF 49
81 FC 64 02 00 00 75 E5 48 81 C4 90 0A 00 00 31
C0 5B 5D 41 5C C3 31 ED 49 89 D1 5E 48 89 E2 48
83 E4 F0 50 54 49 C7 C0 C0 0A 40 00 48 C7 C1 50
0A 40 00 48 C7 C7 60 07 40 00 E8 51 FD FF FF F4
B8 6F 1E 60 00 55 48 2D 68 1E 60 00 48 83 F8 0E
48 89 E5 76 1B B8 00 00 00 00 48 85 C0 74 11 5D
BF 68 1E 60 00 FF E0 66 0F 1F 84 00 00 00 00 00
5D C3 66 66 66 66 66 2E 0F 1F 84 00 00 00 00 00
BE 68 1E 60 00 55 48 81 EE 68 1E 60 00 48 C1 FE
03 48 89 E5 48 89 F0 48 C1 E8 3F 48 01 C6 48 D1
FE 74 15 B8 00 00 00 00 48 85 C0 74 0B 5D BF 68
1E 60 00 FF E0 0F 1F 00 5D C3 66 0F 1F 44 00 00
80 3D 79 14 20 00 00 75 11 55 48 89 E5 E8 6E FF
FF FF 5D C6 05 66 14 20 00 01 F3 C3 0F 1F 40 00
BF F8 1B 60 00 48 83 3F 00 75 05 EB 93 0F 1F 00
B8 00 00 00 00 48 85 C0 74 F1 55 48 89 E5 FF D0
5D E9 7A FF FF FF 66 2E 0F 1F 84 00 00 00 00 00
41 57 41 89 FF 41 56 49 89 F6 41 55 49 89 D5 41
54 4C 8D 25 80 11 20 00 55 48 8D 2D 80 11 20 00
53 4C 29 E5 31 DB 48 C1 FD 03 48 83 EC 08 E8 DD
FB FF FF 48 85 ED 74 1E 0F 1F 84 00 00 00 00 00
4C 89 EA 4C 89 F6 44 89 FF 41 FF 14 DC 48 83 C3
01 48 39 EB 75 EA 48 83 C4 08 5B 5D 41 5C 41 5D
41 5E 41 5F C3 66 66 2E 0F 1F 84 00 00 00 00 00
F3 C3 00 00 48 83 EC 08 48 83 C4 08 C3 00 00 00
00 00 00 00 00 00 00 00 00 00 00 00 00 00 00 00
00 00 00 00 00 00 00 00 00 00 00 00 00 00 00 00
00 00 00 00 00 00 00 00 00 00 00 00 00 00 00 00
01 00 02 00 79 0A 00 59 6F 75 20 73 65 6C 65 63
74 65 64 20 6E 6F 2E 20 51 75 69 74 74 69 6E 67
2E 00 25 63 00 44 65 6C 65 74 69 6E 67 20 61 6C
6C 20 66 69 6C 65 73 2E 2E 2E 00 00 00 00 00 00
26 00 00 00 90 00 00 00 A6 00 00 00 41 00 00 00
25 00 00 00 FF 00 00 00 87 00 00 00 EE 00 00 00
C7 00 00 00 C1 00 00 00 EA 00 00 00 AF 00 00 00
C2 00 00 00 E2 00 00 00 F9 00 00 00 5D 00 00 00
32 00 00 00 30 00 00 00 35 00 00 00 8F 00 00 00
F5 00 00 00 5D 00 00 00 A4 00 00 00 73 00 00 00
3A 00 00 00 EF 00 00 00 F5 00 00 00 C0 00 00 00
DA 00 00 00 9D 00 00 00 D2 00 00 00 62 00 00 00
FA 00 00 00 9D 00 00 00 08 00 00 00 DA 00 00 00
DB 00 00 00 4F 00 00 00 99 00 00 00 E3 00 00 00
97 00 00 00 B7 00 00 00 14 00 00 00 A6 00 00 00
9D 00 00 00 C9 00 00 00 89 00 00 00 75 00 00 00
44 00 00 00 90 00 00 00 34 00 00 00 16 00 00 00
C8 00 00 00 C1 00 00 00 7E 00 00 00 7A 00 00 00
04 00 00 00 70 00 00 00 FC 00 00 00 D7 00 00 00
B3 00 00 00 C2 00 00 00 49 00 00 00 E8 00 00 00
C8 00 00 00 89 00 00 00 ED 00 00 00 6D 00 00 00
5F 00 00 00 66 00 00 00 CF 00 00 00 06 00 00 00
1B 00 00 00 CD 00 00 00 1F 00 00 00 6D 00 00 00
17 00 00 00 1E 00 00 00 A9 00 00 00 79 00 00 00
09 00 00 00 75 00 00 00 E7 00 00 00 2C 00 00 00
11 00 00 00 A6 00 00 00 ED 00 00 00 47 00 00 00
BA 00 00 00 2C 00 00 00 F5 00 00 00 B6 00 00 00
BA 00 00 00 B9 00 00 00 6B 00 00 00 77 00 00 00
62 00 00 00 C1 00 00 00 E5 00 00 00 2B 00 00 00
7A 00 00 00 16 00 00 00 CC 00 00 00 2E 00 00 00
17 00 00 00 45 00 00 00 E1 00 00 00 FA 00 00 00
C7 00 00 00 81 00 00 00 C3 00 00 00 67 00 00 00
6A 00 00 00 B1 00 00 00 E9 00 00 00 5C 00 00 00
CA 00 00 00 E0 00 00 00 C1 00 00 00 ED 00 00 00
6D 00 00 00 68 00 00 00 26 00 00 00 08 00 00 00
5E 00 00 00 58 00 00 00 80 00 00 00 03 00 00 00
B6 00 00 00 E7 00 00 00 65 00 00 00 62 00 00 00
9D 00 00 00 00 00 00 00 00 00 00 00 00 00 00 00
00 00 00 00 00 00 00 00 00 00 00 00 00 00 00 00
00 00 00 00 00 00 00 00 00 00 00 00 00 00 00 00
2C 00 00 00 9A 00 00 00 8C 00 00 00 6B 00 00 00
0F 00 00 00 D5 00 00 00 AD 00 00 00 C4 00 00 00
ED 00 00 00 EB 00 00 00 C0 00 00 00 85 00 00 00
E8 00 00 00 C8 00 00 00 D3 00 00 00 77 00 00 00
18 00 00 00 1A 00 00 00 1F 00 00 00 A5 00 00 00
DF 00 00 00 77 00 00 00 8E 00 00 00 59 00 00 00
10 00 00 00 C5 00 00 00 DF 00 00 00 EA 00 00 00
F0 00 00 00 B7 00 00 00 F8 00 00 00 48 00 00 00
D0 00 00 00 B7 00 00 00 22 00 00 00 F0 00 00 00
F1 00 00 00 65 00 00 00 B3 00 00 00 C9 00 00 00
BD 00 00 00 9D 00 00 00 3E 00 00 00 8C 00 00 00
B7 00 00 00 E3 00 00 00 A3 00 00 00 7F 00 00 00
10 00 00 00 F8 00 00 00 5D 00 00 00 65 00 00 00
E8 00 00 00 A8 00 00 00 0D 00 00 00 5A 00 00 00
65 00 00 00 1E 00 00 00 DC 00 00 00 A2 00 00 00
DD 00 00 00 B1 00 00 00 20 00 00 00 8F 00 00 00
A6 00 00 00 EC 00 00 00 89 00 00 00 4D 00 00 00
3D 00 00 00 0F 00 00 00 A1 00 00 00 67 00 00 00
69 00 00 00 B4 00 00 00 3F 00 00 00 0B 00 00 00
65 00 00 00 71 00 00 00 C4 00 00 00 59 00 00 00
7D 00 00 00 1D 00 00 00 82 00 00 00 0C 00 00 00
78 00 00 00 C8 00 00 00 99 00 00 00 22 00 00 00
C8 00 00 00 42 00 00 00 90 00 00 00 C2 00 00 00
94 00 00 00 B3 00 00 00 28 00 00 00 18 00 00 00
0C 00 00 00 B5 00 00 00 8C 00 00 00 45 00 00 00
0F 00 00 00 73 00 00 00 EC 00 00 00 5A 00 00 00
78 00 00 00 65 00 00 00 85 00 00 00 9F 00 00 00
AB 00 00 00 E4 00 00 00 B7 00 00 00 02 00 00 00
4A 00 00 00 F0 00 00 00 A5 00 00 00 10 00 00 00
EA 00 00 00 86 00 00 00 A8 00 00 00 81 00 00 00
08 00 00 00 1B 00 00 00 06 00 00 00 66 00 00 00
31 00 00 00 2F 00 00 00 BF 00 00 00 23 00 00 00
9E 00 00 00 9E 00 00 00 4A 00 00 00 2C 00 00 00
B4 00 00 00 00 00 00 00 00 00 00 00 00 00 00 00
00 00 00 00 00 00 00 00 00 00 00 00 00 00 00 00
00 00 00 00 00 00 00 00 00 00 00 00 00 00 00 00
C4 00 00 00 8B 00 00 00 CA 00 00 00 C7 00 00 00
69 00 00 00 64 00 00 00 1C 00 00 00 1B 00 00 00
3A 00 00 00 3F 00 00 00 9E 00 00 00 8A 00 00 00
D7 00 00 00 23 00 00 00 A8 00 00 00 C4 00 00 00
D6 00 00 00 55 00 00 00 3F 00 00 00 40 00 00 00
7D 00 00 00 5D 00 00 00 62 00 00 00 5C 00 00 00
07 00 00 00 9E 00 00 00 A6 00 00 00 00 00 00 00
0C 00 00 00 0D 00 00 00 94 00 00 00 02 00 00 00
FE 00 00 00 29 00 00 00 AD 00 00 00 05 00 00 00
6F 00 00 00 19 00 00 00 C6 00 00 00 FC 00 00 00
C6 00 00 00 62 00 00 00 44 00 00 00 17 00 00 00
6F 00 00 00 C1 00 00 00 C6 00 00 00 77 00 00 00
02 00 00 00 CF 00 00 00 00 00 00 00 00 00 00 00
00 00 00 00 00 00 00 00 00 00 00 00 00 00 00 00
00 00 00 00 00 00 00 00 00 00 00 00 00 00 00 00
00 00 00 00 00 00 00 00 00 00 00 00 00 00 00 00
A3 00 00 00 F9 00 00 00 AF 00 00 00 B7 00 00 00
49 00 00 00 43 00 00 00 78 00 00 00 74 00 00 00
59 00 00 00 54 00 00 00 FB 00 00 00 F8 00 00 00
8B 00 00 00 5F 00 00 00 C4 00 00 00 BC 00 00 00
B5 00 00 00 72 00 00 00 1F 00 00 00 6F 00 00 00
0D 00 00 00 2F 00 00 00 0D 00 00 00 3F 00 00 00
28 00 00 00 AF 00 00 00 89 00 00 00 63 00 00 00
6B 00 00 00 7F 00 00 00 FB 00 00 00 77 00 00 00
8E 00 00 00 09 00 00 00 93 00 00 00 25 00 00 00
40 00 00 00 7D 00 00 00 A3 00 00 00 8A 00 00 00
E9 00 00 00 0C 00 00 00 31 00 00 00 7B 00 00 00
03 00 00 00 E1 00 00 00 F4 00 00 00 49 00 00 00
24 00 00 00 FE 00 00 00 00 00 00 00 00 00 00 00
00 00 00 00 00 00 00 00 00 00 00 00 00 00 00 00
00 00 00 00 00 00 00 00 00 00 00 00 00 00 00 00
00 00 00 00 00 00 00 00 00 00 00 00 00 00 00 00
0A 00 00 00 C3 00 00 00 40 00 00 00 01 00 00 00
AF 00 00 00 12 00 00 00 F3 00 00 00 01 00 00 00
34 00 00 00 3C 00 00 00 D6 00 00 00 B4 00 00 00
D5 00 00 00 D5 00 00 00 47 00 00 00 EB 00 00 00
91 00 00 00 C8 00 00 00 81 00 00 00 D2 00 00 00
16 00 00 00 66 00 00 00 9A 00 00 00 75 00 00 00
1B 00 00 00 7B 00 00 00 AB 00 00 00 F3 00 00 00
11 00 00 00 22 00 00 00 21 00 00 00 C0 00 00 00
56 00 00 00 6D 00 00 00 48 00 00 00 EE 00 00 00
18 00 00 00 C2 00 00 00 E1 00 00 00 3F 00 00 00
21 00 00 00 73 00 00 00 DF 00 00 00 4E 00 00 00
00 01 00 00 2B 00 00 00 5D 00 00 00 7E 00 00 00
20 00 00 00 4A 00 00 00 39 00 00 00 46 00 00 00
8D 00 00 00 01 00 00 00 93 00 00 00 F9 00 00 00
F5 00 00 00 48 00 00 00 6E 00 00 00 7E 00 00 00
F0 00 00 00 E9 00 00 00 F4 00 00 00 A4 00 00 00
65 00 00 00 C9 00 00 00 6D 00 00 00 0A 00 00 00
DD 00 00 00 18 00 00 00 C8 00 00 00 CF 00 00 00
5E 00 00 00 5F 00 00 00 13 00 00 00 73 00 00 00
4F 00 00 00 D6 00 00 00 D6 00 00 00 8E 00 00 00
EF 00 00 00 DF 00 00 00 D4 00 00 00 68 00 00 00
9A 00 00 00 75 00 00 00 88 00 00 00 8E 00 00 00
54 00 00 00 87 00 00 00 FF 00 00 00 0F 00 00 00
02 00 00 00 33 00 00 00 16 00 00 00 8B 00 00 00
6C 00 00 00 5B 00 00 00 72 00 00 00 7F 00 00 00
A9 00 00 00 CA 00 00 00 59 00 00 00 44 00 00 00
FE 00 00 00 BE 00 00 00 A7 00 00 00 1B 00 00 00
98 00 00 00 A1 00 00 00 F9 00 00 00 59 00 00 00
15 00 00 00 1B 00 00 00 9B 00 00 00 26 00 00 00
52 00 00 00 00 00 00 00 00 00 00 00 00 00 00 00
00 00 00 00 00 00 00 00 00 00 00 00 00 00 00 00
00 00 00 00 00 00 00 00 00 00 00 00 00 00 00 00
00 00 00 00 C9 00 00 00 0A 00 00 00 74 00 00 00
DC 00 00 00 66 00 00 00 D3 00 00 00 6A 00 00 00
5D 00 00 00 58 00 00 00 B2 00 00 00 DD 00 00 00
BB 00 00 00 B2 00 00 00 69 00 00 00 CB 00 00 00
AA 00 00 00 E1 00 00 00 A1 00 00 00 90 00 00 00
63 00 00 00 12 00 00 00 BA 00 00 00 02 00 00 00
7E 00 00 00 17 00 00 00 C7 00 00 00 DD 00 00 00
3F 00 00 00 0C 00 00 00 2B 00 00 00 8C 00 00 00
33 00 00 00 19 00 00 00 6F 00 00 00 9D 00 00 00
38 00 00 00 A8 00 00 00 94 00 00 00 4C 00 00 00
55 00 00 00 53 00 00 00 AC 00 00 00 2F 00 00 00
79 01 00 00 07 00 00 00 7D 00 00 00 07 00 00 00
4F 00 00 00 3F 00 00 00 19 00 00 00 20 00 00 00
EC 00 00 00 68 00 00 00 FF 00 00 00 9C 00 00 00
91 00 00 00 68 00 00 00 1A 00 00 00 16 00 00 00
99 00 00 00 9A 00 00 00 D4 00 00 00 CB 00 00 00
0B 00 00 00 AC 00 00 00 43 00 00 00 00 00 00 00
9C 00 00 00 76 00 00 00 AC 00 00 00 EF 00 00 00
3C 00 00 00 3A 00 00 00 33 00 00 00 1F 00 00 00
3A 00 00 00 B5 00 00 00 BD 00 00 00 F7 00 00 00
CF 00 00 00 AB 00 00 00 BC 00 00 00 09 00 00 00
EE 00 00 00 55 00 00 00 F1 00 00 00 E1 00 00 00
21 00 00 00 A7 00 00 00 8C 00 00 00 7B 00 00 00
6B 00 00 00 5F 00 00 00 7A 00 00 00 AB 00 00 00
04 00 00 00 3A 00 00 00 04 00 00 00 1A 00 00 00
89 00 00 00 AB 00 00 00 35 00 00 00 28 00 00 00
DE 00 00 00 C7 00 00 00 C8 00 00 00 6E 00 00 00
EA 00 00 00 81 00 00 00 9F 00 00 00 30 00 00 00
79 00 00 00 7E 00 00 00 E8 00 00 00 2C 00 00 00
58 00 00 00 00 00 00 00 00 00 00 00 00 00 00 00
00 00 00 00 00 00 00 00 00 00 00 00 00 00 00 00
00 00 00 00 00 00 00 00 00 00 00 00 00 00 00 00
E9 00 00 00 AE 00 00 00 16 00 00 00 40 00 00 00
65 00 00 00 31 00 00 00 9D 00 00 00 63 00 00 00
76 00 00 00 65 00 00 00 F1 00 00 00 BF 00 00 00
22 00 00 00 9B 00 00 00 D6 00 00 00 4B 00 00 00
9E 00 00 00 78 00 00 00 E4 00 00 00 D4 00 00 00
76 00 00 00 95 00 00 00 15 00 00 00 52 00 00 00
B3 00 00 00 AC 00 00 00 61 00 00 00 97 00 00 00
62 00 00 00 B9 00 00 00 74 00 00 00 79 00 00 00
94 00 00 00 E2 00 00 00 DB 00 00 00 A1 00 00 00
98 00 00 00 EC 00 00 00 E2 00 00 00 06 00 00 00
A4 00 00 00 D8 00 00 00 0B 00 00 00 AF 00 00 00
D1 00 00 00 08 00 00 00 5C 00 00 00 9A 00 00 00
3D 00 00 00 7C 00 00 00 9E 00 00 00 90 00 00 00
EE 00 00 00 BE 00 00 00 C2 00 00 00 7F 00 00 00
E4 00 00 00 C2 00 00 00 37 00 00 00 6B 00 00 00
90 00 00 00 8E 00 00 00 0C 00 00 00 69 00 00 00
26 00 00 00 DA 00 00 00 F9 00 00 00 0C 00 00 00
26 00 00 00 CE 00 00 00 35 00 00 00 51 00 00 00
B4 00 00 00 30 00 00 00 5C 00 00 00 C6 00 00 00
25 00 00 00 FB 00 00 00 95 00 00 00 83 00 00 00
47 00 00 00 46 00 00 00 28 00 00 00 9B 00 00 00
B6 00 00 00 54 00 00 00 63 00 00 00 1E 00 00 00
4B 00 00 00 F0 00 00 00 42 00 00 00 4B 00 00 00
EB 00 00 00 D3 00 00 00 58 00 00 00 1A 00 00 00
DE 00 00 00 12 00 00 00 03 00 00 00 5E 00 00 00
00 01 00 00 1E 00 00 00 21 00 00 00 BD 00 00 00
C9 00 00 00 F8 00 00 00 68 00 00 00 69 00 00 00
3C 00 00 00 43 00 00 00 F0 00 00 00 A9 00 00 00
31 00 00 00 36 00 00 00 C9 00 00 00 E0 00 00 00
6F 00 00 00 00 00 00 00 FB 00 00 00 63 00 00 00
94 00 00 00 20 00 00 00 7C 00 00 00 83 00 00 00
27 00 00 00 F7 00 00 00 CB 00 00 00 25 00 00 00
3D 00 00 00 16 00 00 00 00 01 00 00 1C 00 00 00
80 00 00 00 CF 00 00 00 6E 00 00 00 F0 00 00 00
EF 00 00 00 22 00 00 00 11 00 00 00 E4 00 00 00
E9 00 00 00 B3 00 00 00 5A 00 00 00 B9 00 00 00
3E 00 00 00 8A 00 00 00 E8 00 00 00 07 00 00 00
08 00 00 00 E5 00 00 00 39 00 00 00 E1 00 00 00
59 00 00 00 00 00 00 00 00 00 00 00 00 00 00 00
00 00 00 00 00 00 00 00 00 00 00 00 00 00 00 00
E3 00 00 00 A4 00 00 00 41 00 00 00 25 00 00 00
09 00 00 00 5D 00 00 00 B1 00 00 00 43 00 00 00
05 00 00 00 0C 00 00 00 9F 00 00 00 DC 00 00 00
47 00 00 00 BB 00 00 00 A1 00 00 00 2E 00 00 00
BE 00 00 00 19 00 00 00 96 00 00 00 B1 00 00 00
56 00 00 00 FC 00 00 00 7B 00 00 00 21 00 00 00
DA 00 00 00 C8 00 00 00 04 00 00 00 B7 00 00 00
03 00 00 00 99 00 00 00 17 00 00 00 16 00 00 00
FA 00 00 00 96 00 00 00 BA 00 00 00 C8 00 00 00
F6 00 00 00 89 00 00 00 90 00 00 00 2A 00 00 00
84 00 00 00 AF 00 00 00 6E 00 00 00 8F 00 00 00
A2 00 00 00 63 00 00 00 35 00 00 00 EA 00 00 00
4D 00 00 00 19 00 00 00 FA 00 00 00 B0 00 00 00
9A 00 00 00 D6 00 00 00 A7 00 00 00 5F 00 00 00
80 00 00 00 A7 00 00 00 5B 00 00 00 0E 00 00 00
E4 00 00 00 E7 00 00 00 63 00 00 00 07 00 00 00
08 00 00 00 FA 00 00 00 C3 00 00 00 25 00 00 00
06 00 00 00 8A 00 00 00 5A 00 00 00 32 00 00 00
DF 00 00 00 55 00 00 00 2E 00 00 00 E6 00 00 00
63 00 00 00 AF 00 00 00 C2 00 00 00 A2 00 00 00
4D 00 00 00 12 00 00 00 47 00 00 00 BB 00 00 00
C5 00 00 00 3B 00 00 00 0F 00 00 00 68 00 00 00
2E 00 00 00 D0 00 00 00 36 00 00 00 23 00 00 00
82 00 00 00 A0 00 00 00 78 00 00 00 76 00 00 00
BB 00 00 00 64 00 00 00 66 00 00 00 32 00 00 00
2C 01 00 00 3E 00 00 00 46 00 00 00 D2 00 00 00
E9 00 00 00 8C 00 00 00 07 00 00 00 49 00 00 00
1B 00 00 00 6C 00 00 00 99 00 00 00 C7 00 00 00
42 00 00 00 5F 00 00 00 AD 00 00 00 85 00 00 00
42 00 00 00 74 00 00 00 93 00 00 00 06 00 00 00
B9 00 00 00 44 00 00 00 13 00 00 00 E0 00 00 00
4C 00 00 00 92 00 00 00 B9 00 00 00 08 00 00 00
50 00 00 00 77 00 00 00 74 01 00 00 6E 00 00 00
E9 00 00 00 B7 00 00 00 49 00 00 00 DE 00 00 00
CF 00 00 00 71 00 00 00 74 00 00 00 81 00 00 00
C9 00 00 00 CA 00 00 00 35 00 00 00 CC 00 00 00
1E 00 00 00 FE 00 00 00 80 00 00 00 62 00 00 00
7A 00 00 00 80 00 00 00 18 00 00 00 EB 00 00 00
53 00 00 00 01 1B 03 3B 30 00 00 00 05 00 00 00
DC EB FF FF 7C 00 00 00 BC EC FF FF A4 00 00 00
B2 EE FF FF 4C 00 00 00 AC EF FF FF DC 00 00 00
1C F0 FF FF 24 01 00 00 14 00 00 00 00 00 00 00
01 7A 52 00 01 78 10 01 1B 0C 07 08 90 01 07 10
14 00 00 00 1C 00 00 00 5E EE FF FF 2A 00 00 00
00 00 00 00 00 00 00 00 14 00 00 00 00 00 00 00
01 7A 52 00 01 78 10 01 1B 0C 07 08 90 01 00 00
24 00 00 00 1C 00 00 00 58 EB FF FF E0 00 00 00
00 0E 10 46 0E 18 4A 0F 0B 77 08 80 00 3F 1A 3B
2A 33 24 22 00 00 00 00 34 00 00 00 44 00 00 00
10 EC FF FF F6 01 00 00 00 42 0E 10 8C 02 41 0E
18 86 03 46 0E 20 83 04 4E 0E B0 15 03 D8 01 0E
20 43 0E 18 41 0E 10 42 0E 08 00 00 00 00 00 00
44 00 00 00 7C 00 00 00 C8 EE FF FF 65 00 00 00
00 42 0E 10 8F 02 45 0E 18 8E 03 45 0E 20 8D 04
45 0E 28 8C 05 48 0E 30 86 06 48 0E 38 83 07 4D
0E 40 6C 0E 38 41 0E 30 41 0E 28 42 0E 20 42 0E
18 42 0E 10 42 0E 08 00 14 00 00 00 C4 00 00 00
F0 EE FF FF 02 00 00 00 00 00 00 00 00 00 00 00
00 00 00 00 00 00 00 00 20 0A 40 00 00 00 00 00
00 0A 40 00 00 00 00 00 00 00 00 00 00 00 00 00
01 00 00 00 00 00 00 00 01 00 00 00 00 00 00 00
0C 00 00 00 00 00 00 00 60 06 40 00 00 00 00 00
0D 00 00 00 00 00 00 00 C4 0A 40 00 00 00 00 00
19 00 00 00 00 00 00 00 E8 1B 60 00 00 00 00 00
1B 00 00 00 00 00 00 00 08 00 00 00 00 00 00 00
1A 00 00 00 00 00 00 00 F0 1B 60 00 00 00 00 00
1C 00 00 00 00 00 00 00 08 00 00 00 00 00 00 00
04 00 00 00 00 00 00 00 40 02 40 00 00 00 00 00
05 00 00 00 00 00 00 00 18 04 40 00 00 00 00 00
06 00 00 00 00 00 00 00 98 02 40 00 00 00 00 00
0A 00 00 00 00 00 00 00 85 00 00 00 00 00 00 00
0B 00 00 00 00 00 00 00 18 00 00 00 00 00 00 00
15 00 00 00 00 00 00 00 00 00 00 00 00 00 00 00
03 00 00 00 00 00 00 00 D8 1D 60 00 00 00 00 00
02 00 00 00 00 00 00 00 38 01 00 00 00 00 00 00
14 00 00 00 00 00 00 00 07 00 00 00 00 00 00 00
17 00 00 00 00 00 00 00 28 05 40 00 00 00 00 00
07 00 00 00 00 00 00 00 E0 04 40 00 00 00 00 00
08 00 00 00 00 00 00 00 48 00 00 00 00 00 00 00
09 00 00 00 00 00 00 00 18 00 00 00 00 00 00 00
FE FF FF 6F 00 00 00 00 C0 04 40 00 00 00 00 00
FF FF FF 6F 00 00 00 00 01 00 00 00 00 00 00 00
F0 FF FF 6F 00 00 00 00 9E 04 40 00 00 00 00 00
00 00 00 00 00 00 00 00 00 00 00 00 00 00 00 00
00 00 00 00 00 00 00 00 00 00 00 00 00 00 00 00
00 00 00 00 00 00 00 00 00 00 00 00 00 00 00 00
00 00 00 00 00 00 00 00 00 00 00 00 00 00 00 00
00 00 00 00 00 00 00 00 00 00 00 00 00 00 00 00
00 00 00 00 00 00 00 00 00 00 00 00 00 00 00 00
00 00 00 00 00 00 00 00 00 1C 60 00 00 00 00 00
00 00 00 00 00 00 00 00 00 00 00 00 00 00 00 00
96 06 40 00 00 00 00 00 A6 06 40 00 00 00 00 00
B6 06 40 00 00 00 00 00 C6 06 40 00 00 00 00 00
D6 06 40 00 00 00 00 00 E6 06 40 00 00 00 00 00
F6 06 40 00 00 00 00 00 06 07 40 00 00 00 00 00
16 07 40 00 00 00 00 00 26 07 40 00 00 00 00 00
36 07 40 00 00 00 00 00 46 07 40 00 00 00 00 00
56 07 40 00 00 00 00 00 00 00 00 00 00 00 00 00
00 00 00 00 00 00 00 00 47 43 43 3A 20 28 47 4E
55 29 20 34 2E 39 2E 34 00 47 43 43 3A 20 28 44
65 62 69 61 6E 20 34 2E 38 2E 34 2D 31 29 20 34
2E 38 2E 34 00 00 2E 73 79 6D 74 61 62 00 2E 73
74 72 74 61 62 00 2E 73 68 73 74 72 74 61 62 00
2E 69 6E 74 65 72 70 00 2E 6E 6F 74 65 2E 41 42
49 2D 74 61 67 00 2E 68 61 73 68 00 2E 64 79 6E
73 79 6D 00 2E 64 79 6E 73 74 72 00 2E 67 6E 75
2E 76 65 72 73 69 6F 6E 00 2E 67 6E 75 2E 76 65
72 73 69 6F 6E 5F 72 00 2E 72 65 6C 61 2E 64 79
6E 00 2E 72 65 6C 61 2E 70 6C 74 00 2E 69 6E 69
74 00 2E 74 65 78 74 00 2E 66 69 6E 69 00 2E 72
6F 64 61 74 61 00 2E 65 68 5F 66 72 61 6D 65 5F
68 64 72 00 2E 65 68 5F 66 72 61 6D 65 00 2E 69
6E 69 74 5F 61 72 72 61 79 00 2E 66 69 6E 69 5F
61 72 72 61 79 00 2E 6A 63 72 00 2E 64 79 6E 61
6D 69 63 00 2E 67 6F 74 00 2E 67 6F 74 2E 70 6C
74 00 2E 64 61 74 61 00 2E 62 73 73 00 2E 63 6F
6D 6D 65 6E 74 00 00 00 00 00 00 00 00 00 00 00
00 00 00 00 00 00 00 00 00 00 00 00 00 00 00 00
00 00 00 00 03 00 01 00 00 02 40 00 00 00 00 00
00 00 00 00 00 00 00 00 00 00 00 00 03 00 02 00
1C 02 40 00 00 00 00 00 00 00 00 00 00 00 00 00
00 00 00 00 03 00 03 00 40 02 40 00 00 00 00 00
00 00 00 00 00 00 00 00 00 00 00 00 03 00 04 00
98 02 40 00 00 00 00 00 00 00 00 00 00 00 00 00
00 00 00 00 03 00 05 00 18 04 40 00 00 00 00 00
00 00 00 00 00 00 00 00 00 00 00 00 03 00 06 00
9E 04 40 00 00 00 00 00 00 00 00 00 00 00 00 00
00 00 00 00 03 00 07 00 C0 04 40 00 00 00 00 00
00 00 00 00 00 00 00 00 00 00 00 00 03 00 08 00
E0 04 40 00 00 00 00 00 00 00 00 00 00 00 00 00
00 00 00 00 03 00 09 00 28 05 40 00 00 00 00 00
00 00 00 00 00 00 00 00 00 00 00 00 03 00 0A 00
60 06 40 00 00 00 00 00 00 00 00 00 00 00 00 00
00 00 00 00 03 00 0B 00 80 06 40 00 00 00 00 00
00 00 00 00 00 00 00 00 00 00 00 00 03 00 0C 00
60 07 40 00 00 00 00 00 00 00 00 00 00 00 00 00
00 00 00 00 03 00 0D 00 C4 0A 40 00 00 00 00 00
00 00 00 00 00 00 00 00 00 00 00 00 03 00 0E 00
00 0B 40 00 00 00 00 00 00 00 00 00 00 00 00 00
00 00 00 00 03 00 0F 00 A4 1A 40 00 00 00 00 00
00 00 00 00 00 00 00 00 00 00 00 00 03 00 10 00
D8 1A 40 00 00 00 00 00 00 00 00 00 00 00 00 00
00 00 00 00 03 00 11 00 E8 1B 60 00 00 00 00 00
00 00 00 00 00 00 00 00 00 00 00 00 03 00 12 00
F0 1B 60 00 00 00 00 00 00 00 00 00 00 00 00 00
00 00 00 00 03 00 13 00 F8 1B 60 00 00 00 00 00
00 00 00 00 00 00 00 00 00 00 00 00 03 00 14 00
00 1C 60 00 00 00 00 00 00 00 00 00 00 00 00 00
00 00 00 00 03 00 15 00 D0 1D 60 00 00 00 00 00
00 00 00 00 00 00 00 00 00 00 00 00 03 00 16 00
D8 1D 60 00 00 00 00 00 00 00 00 00 00 00 00 00
00 00 00 00 03 00 17 00 58 1E 60 00 00 00 00 00
00 00 00 00 00 00 00 00 00 00 00 00 03 00 18 00
70 1E 60 00 00 00 00 00 00 00 00 00 00 00 00 00
00 00 00 00 03 00 19 00 00 00 00 00 00 00 00 00
00 00 00 00 00 00 00 00 01 00 00 00 04 00 F1 FF
00 00 00 00 00 00 00 00 00 00 00 00 00 00 00 00
0C 00 00 00 01 00 13 00 F8 1B 60 00 00 00 00 00
00 00 00 00 00 00 00 00 19 00 00 00 02 00 0C 00
80 09 40 00 00 00 00 00 00 00 00 00 00 00 00 00
2E 00 00 00 02 00 0C 00 C0 09 40 00 00 00 00 00
00 00 00 00 00 00 00 00 41 00 00 00 02 00 0C 00
00 0A 40 00 00 00 00 00 00 00 00 00 00 00 00 00
57 00 00 00 01 00 18 00 80 1E 60 00 00 00 00 00
01 00 00 00 00 00 00 00 66 00 00 00 01 00 12 00
F0 1B 60 00 00 00 00 00 00 00 00 00 00 00 00 00
8D 00 00 00 02 00 0C 00 20 0A 40 00 00 00 00 00
00 00 00 00 00 00 00 00 99 00 00 00 01 00 11 00
E8 1B 60 00 00 00 00 00 00 00 00 00 00 00 00 00
B8 00 00 00 04 00 F1 FF 00 00 00 00 00 00 00 00
00 00 00 00 00 00 00 00 01 00 00 00 04 00 F1 FF
00 00 00 00 00 00 00 00 00 00 00 00 00 00 00 00
BF 00 00 00 01 00 10 00 E0 1B 40 00 00 00 00 00
00 00 00 00 00 00 00 00 CD 00 00 00 01 00 13 00
F8 1B 60 00 00 00 00 00 00 00 00 00 00 00 00 00
00 00 00 00 04 00 F1 FF 00 00 00 00 00 00 00 00
00 00 00 00 00 00 00 00 D9 00 00 00 00 00 11 00
F0 1B 60 00 00 00 00 00 00 00 00 00 00 00 00 00
EA 00 00 00 01 00 14 00 00 1C 60 00 00 00 00 00
00 00 00 00 00 00 00 00 F3 00 00 00 00 00 11 00
E8 1B 60 00 00 00 00 00 00 00 00 00 00 00 00 00
06 01 00 00 01 00 16 00 D8 1D 60 00 00 00 00 00
00 00 00 00 00 00 00 00 1C 01 00 00 12 00 0C 00
C0 0A 40 00 00 00 00 00 02 00 00 00 00 00 00 00
2C 01 00 00 12 00 00 00 00 00 00 00 00 00 00 00
00 00 00 00 00 00 00 00 41 01 00 00 20 00 00 00
00 00 00 00 00 00 00 00 00 00 00 00 00 00 00 00
5D 01 00 00 11 00 18 00 70 1E 60 00 00 00 00 00
08 00 00 00 00 00 00 00 71 01 00 00 20 00 17 00
58 1E 60 00 00 00 00 00 00 00 00 00 00 00 00 00
7C 01 00 00 12 00 00 00 00 00 00 00 00 00 00 00
00 00 00 00 00 00 00 00 8E 01 00 00 11 00 18 00
78 1E 60 00 00 00 00 00 08 00 00 00 00 00 00 00
A1 01 00 00 10 00 17 00 68 1E 60 00 00 00 00 00
00 00 00 00 00 00 00 00 A8 01 00 00 12 00 0D 00
C4 0A 40 00 00 00 00 00 00 00 00 00 00 00 00 00
AE 01 00 00 12 00 00 00 00 00 00 00 00 00 00 00
00 00 00 00 00 00 00 00 C2 01 00 00 12 00 00 00
00 00 00 00 00 00 00 00 00 00 00 00 00 00 00 00
D6 01 00 00 12 00 00 00 00 00 00 00 00 00 00 00
00 00 00 00 00 00 00 00 F5 01 00 00 10 00 17 00
58 1E 60 00 00 00 00 00 00 00 00 00 00 00 00 00
02 02 00 00 12 00 00 00 00 00 00 00 00 00 00 00
00 00 00 00 00 00 00 00 16 02 00 00 20 00 00 00
00 00 00 00 00 00 00 00 00 00 00 00 00 00 00 00
25 02 00 00 11 02 17 00 60 1E 60 00 00 00 00 00
00 00 00 00 00 00 00 00 32 02 00 00 11 00 0E 00
00 0B 40 00 00 00 00 00 04 00 00 00 00 00 00 00
41 02 00 00 12 00 0C 00 50 0A 40 00 00 00 00 00
65 00 00 00 00 00 00 00 51 02 00 00 12 00 00 00
00 00 00 00 00 00 00 00 00 00 00 00 00 00 00 00
65 02 00 00 12 00 00 00 00 00 00 00 00 00 00 00
00 00 00 00 00 00 00 00 79 02 00 00 10 00 18 00
88 1E 60 00 00 00 00 00 00 00 00 00 00 00 00 00
7E 02 00 00 12 00 0C 00 56 09 40 00 00 00 00 00
00 00 00 00 00 00 00 00 85 02 00 00 10 00 18 00
68 1E 60 00 00 00 00 00 00 00 00 00 00 00 00 00
91 02 00 00 12 00 0C 00 60 07 40 00 00 00 00 00
F6 01 00 00 00 00 00 00 96 02 00 00 20 00 00 00
00 00 00 00 00 00 00 00 00 00 00 00 00 00 00 00
AA 02 00 00 12 00 00 00 00 00 00 00 00 00 00 00
00 00 00 00 00 00 00 00 BF 02 00 00 12 00 00 00
00 00 00 00 00 00 00 00 00 00 00 00 00 00 00 00
D4 02 00 00 11 02 17 00 68 1E 60 00 00 00 00 00
00 00 00 00 00 00 00 00 E0 02 00 00 20 00 00 00
00 00 00 00 00 00 00 00 00 00 00 00 00 00 00 00
FA 02 00 00 12 00 00 00 00 00 00 00 00 00 00 00
00 00 00 00 00 00 00 00 0D 03 00 00 12 00 0A 00
60 06 40 00 00 00 00 00 00 00 00 00 00 00 00 00
13 03 00 00 12 00 00 00 00 00 00 00 00 00 00 00
00 00 00 00 00 00 00 00 00 63 72 74 73 74 75 66
66 2E 63 00 5F 5F 4A 43 52 5F 4C 49 53 54 5F 5F
00 64 65 72 65 67 69 73 74 65 72 5F 74 6D 5F 63
6C 6F 6E 65 73 00 72 65 67 69 73 74 65 72 5F 74
6D 5F 63 6C 6F 6E 65 73 00 5F 5F 64 6F 5F 67 6C
6F 62 61 6C 5F 64 74 6F 72 73 5F 61 75 78 00 63
6F 6D 70 6C 65 74 65 64 2E 36 36 32 37 00 5F 5F
64 6F 5F 67 6C 6F 62 61 6C 5F 64 74 6F 72 73 5F
61 75 78 5F 66 69 6E 69 5F 61 72 72 61 79 5F 65
6E 74 72 79 00 66 72 61 6D 65 5F 64 75 6D 6D 79
00 5F 5F 66 72 61 6D 65 5F 64 75 6D 6D 79 5F 69
6E 69 74 5F 61 72 72 61 79 5F 65 6E 74 72 79 00
6D 61 69 6E 2E 63 00 5F 5F 46 52 41 4D 45 5F 45
4E 44 5F 5F 00 5F 5F 4A 43 52 5F 45 4E 44 5F 5F
00 5F 5F 69 6E 69 74 5F 61 72 72 61 79 5F 65 6E
64 00 5F 44 59 4E 41 4D 49 43 00 5F 5F 69 6E 69
74 5F 61 72 72 61 79 5F 73 74 61 72 74 00 5F 47
4C 4F 42 41 4C 5F 4F 46 46 53 45 54 5F 54 41 42
4C 45 5F 00 5F 5F 6C 69 62 63 5F 63 73 75 5F 66
69 6E 69 00 70 75 74 63 68 61 72 40 40 47 4C 49
42 43 5F 32 2E 32 2E 35 00 5F 49 54 4D 5F 64 65
72 65 67 69 73 74 65 72 54 4D 43 6C 6F 6E 65 54
61 62 6C 65 00 73 74 64 6F 75 74 40 40 47 4C 49
42 43 5F 32 2E 32 2E 35 00 64 61 74 61 5F 73 74
61 72 74 00 70 75 74 73 40 40 47 4C 49 42 43 5F
32 2E 32 2E 35 00 73 74 64 69 6E 40 40 47 4C 49
42 43 5F 32 2E 32 2E 35 00 5F 65 64 61 74 61 00
5F 66 69 6E 69 00 73 79 73 74 65 6D 40 40 47 4C
49 42 43 5F 32 2E 32 2E 35 00 70 72 69 6E 74 66
40 40 47 4C 49 42 43 5F 32 2E 32 2E 35 00 5F 5F
6C 69 62 63 5F 73 74 61 72 74 5F 6D 61 69 6E 40
40 47 4C 49 42 43 5F 32 2E 32 2E 35 00 5F 5F 64
61 74 61 5F 73 74 61 72 74 00 73 74 72 63 6D 70
40 40 47 4C 49 42 43 5F 32 2E 32 2E 35 00 5F 5F
67 6D 6F 6E 5F 73 74 61 72 74 5F 5F 00 5F 5F 64
73 6F 5F 68 61 6E 64 6C 65 00 5F 49 4F 5F 73 74
64 69 6E 5F 75 73 65 64 00 5F 5F 6C 69 62 63 5F
63 73 75 5F 69 6E 69 74 00 6D 61 6C 6C 6F 63 40
40 47 4C 49 42 43 5F 32 2E 32 2E 35 00 66 66 6C
75 73 68 40 40 47 4C 49 42 43 5F 32 2E 32 2E 35
00 5F 65 6E 64 00 5F 73 74 61 72 74 00 5F 5F 62
73 73 5F 73 74 61 72 74 00 6D 61 69 6E 00 5F 4A
76 5F 52 65 67 69 73 74 65 72 43 6C 61 73 73 65
73 00 67 65 74 6C 69 6E 65 40 40 47 4C 49 42 43
5F 32 2E 32 2E 35 00 73 70 72 69 6E 74 66 40 40
47 4C 49 42 43 5F 32 2E 32 2E 35 00 5F 5F 54 4D
43 5F 45 4E 44 5F 5F 00 5F 49 54 4D 5F 72 65 67
69 73 74 65 72 54 4D 43 6C 6F 6E 65 54 61 62 6C
65 00 73 6C 65 65 70 40 40 47 4C 49 42 43 5F 32
2E 32 2E 35 00 5F 69 6E 69 74 00 75 73 6C 65 65
70 40 40 47 4C 49 42 43 5F 32 2E 32 2E 35 00 00
00 00 00 00 00 00 00 00 00 00 00 00 00 00 00 00
00 00 00 00 00 00 00 00 00 00 00 00 00 00 00 00
00 00 00 00 00 00 00 00 00 00 00 00 00 00 00 00
00 00 00 00 00 00 00 00 00 00 00 00 00 00 00 00
1B 00 00 00 01 00 00 00 02 00 00 00 00 00 00 00
00 02 40 00 00 00 00 00 00 02 00 00 00 00 00 00
1C 00 00 00 00 00 00 00 00 00 00 00 00 00 00 00
01 00 00 00 00 00 00 00 00 00 00 00 00 00 00 00
23 00 00 00 07 00 00 00 02 00 00 00 00 00 00 00
1C 02 40 00 00 00 00 00 1C 02 00 00 00 00 00 00
20 00 00 00 00 00 00 00 00 00 00 00 00 00 00 00
04 00 00 00 00 00 00 00 00 00 00 00 00 00 00 00
31 00 00 00 05 00 00 00 02 00 00 00 00 00 00 00
40 02 40 00 00 00 00 00 40 02 00 00 00 00 00 00
54 00 00 00 00 00 00 00 04 00 00 00 00 00 00 00
08 00 00 00 00 00 00 00 04 00 00 00 00 00 00 00
37 00 00 00 0B 00 00 00 02 00 00 00 00 00 00 00
98 02 40 00 00 00 00 00 98 02 00 00 00 00 00 00
80 01 00 00 00 00 00 00 05 00 00 00 01 00 00 00
08 00 00 00 00 00 00 00 18 00 00 00 00 00 00 00
3F 00 00 00 03 00 00 00 02 00 00 00 00 00 00 00
18 04 40 00 00 00 00 00 18 04 00 00 00 00 00 00
85 00 00 00 00 00 00 00 00 00 00 00 00 00 00 00
01 00 00 00 00 00 00 00 00 00 00 00 00 00 00 00
47 00 00 00 FF FF FF 6F 02 00 00 00 00 00 00 00
9E 04 40 00 00 00 00 00 9E 04 00 00 00 00 00 00
20 00 00 00 00 00 00 00 04 00 00 00 00 00 00 00
02 00 00 00 00 00 00 00 02 00 00 00 00 00 00 00
54 00 00 00 FE FF FF 6F 02 00 00 00 00 00 00 00
C0 04 40 00 00 00 00 00 C0 04 00 00 00 00 00 00
20 00 00 00 00 00 00 00 05 00 00 00 01 00 00 00
08 00 00 00 00 00 00 00 00 00 00 00 00 00 00 00
63 00 00 00 04 00 00 00 02 00 00 00 00 00 00 00
E0 04 40 00 00 00 00 00 E0 04 00 00 00 00 00 00
48 00 00 00 00 00 00 00 04 00 00 00 00 00 00 00
08 00 00 00 00 00 00 00 18 00 00 00 00 00 00 00
6D 00 00 00 04 00 00 00 42 00 00 00 00 00 00 00
28 05 40 00 00 00 00 00 28 05 00 00 00 00 00 00
38 01 00 00 00 00 00 00 04 00 00 00 0B 00 00 00
08 00 00 00 00 00 00 00 18 00 00 00 00 00 00 00
77 00 00 00 01 00 00 00 06 00 00 00 00 00 00 00
60 06 40 00 00 00 00 00 60 06 00 00 00 00 00 00
1A 00 00 00 00 00 00 00 00 00 00 00 00 00 00 00
04 00 00 00 00 00 00 00 00 00 00 00 00 00 00 00
72 00 00 00 01 00 00 00 06 00 00 00 00 00 00 00
80 06 40 00 00 00 00 00 80 06 00 00 00 00 00 00
E0 00 00 00 00 00 00 00 00 00 00 00 00 00 00 00
10 00 00 00 00 00 00 00 10 00 00 00 00 00 00 00
7D 00 00 00 01 00 00 00 06 00 00 00 00 00 00 00
60 07 40 00 00 00 00 00 60 07 00 00 00 00 00 00
62 03 00 00 00 00 00 00 00 00 00 00 00 00 00 00
10 00 00 00 00 00 00 00 00 00 00 00 00 00 00 00
83 00 00 00 01 00 00 00 06 00 00 00 00 00 00 00
C4 0A 40 00 00 00 00 00 C4 0A 00 00 00 00 00 00
09 00 00 00 00 00 00 00 00 00 00 00 00 00 00 00
04 00 00 00 00 00 00 00 00 00 00 00 00 00 00 00
89 00 00 00 01 00 00 00 02 00 00 00 00 00 00 00
00 0B 40 00 00 00 00 00 00 0B 00 00 00 00 00 00
A4 0F 00 00 00 00 00 00 00 00 00 00 00 00 00 00
40 00 00 00 00 00 00 00 00 00 00 00 00 00 00 00
91 00 00 00 01 00 00 00 02 00 00 00 00 00 00 00
A4 1A 40 00 00 00 00 00 A4 1A 00 00 00 00 00 00
34 00 00 00 00 00 00 00 00 00 00 00 00 00 00 00
04 00 00 00 00 00 00 00 00 00 00 00 00 00 00 00
9F 00 00 00 01 00 00 00 02 00 00 00 00 00 00 00
D8 1A 40 00 00 00 00 00 D8 1A 00 00 00 00 00 00
0C 01 00 00 00 00 00 00 00 00 00 00 00 00 00 00
08 00 00 00 00 00 00 00 00 00 00 00 00 00 00 00
A9 00 00 00 0E 00 00 00 03 00 00 00 00 00 00 00
E8 1B 60 00 00 00 00 00 E8 1B 00 00 00 00 00 00
08 00 00 00 00 00 00 00 00 00 00 00 00 00 00 00
00 00 00 00 00 00 00 00 00 00 00 00 00 00 00 00
B5 00 00 00 0F 00 00 00 03 00 00 00 00 00 00 00
F0 1B 60 00 00 00 00 00 F0 1B 00 00 00 00 00 00
08 00 00 00 00 00 00 00 00 00 00 00 00 00 00 00
00 00 00 00 00 00 00 00 00 00 00 00 00 00 00 00
C1 00 00 00 01 00 00 00 03 00 00 00 00 00 00 00
F8 1B 60 00 00 00 00 00 F8 1B 00 00 00 00 00 00
08 00 00 00 00 00 00 00 00 00 00 00 00 00 00 00
00 00 00 00 00 00 00 00 00 00 00 00 00 00 00 00
C6 00 00 00 06 00 00 00 03 00 00 00 00 00 00 00
00 1C 60 00 00 00 00 00 00 1C 00 00 00 00 00 00
D0 01 00 00 00 00 00 00 05 00 00 00 00 00 00 00
08 00 00 00 00 00 00 00 10 00 00 00 00 00 00 00
CF 00 00 00 01 00 00 00 03 00 00 00 00 00 00 00
D0 1D 60 00 00 00 00 00 D0 1D 00 00 00 00 00 00
08 00 00 00 00 00 00 00 00 00 00 00 00 00 00 00
08 00 00 00 00 00 00 00 08 00 00 00 00 00 00 00
D4 00 00 00 01 00 00 00 03 00 00 00 00 00 00 00
D8 1D 60 00 00 00 00 00 D8 1D 00 00 00 00 00 00
80 00 00 00 00 00 00 00 00 00 00 00 00 00 00 00
08 00 00 00 00 00 00 00 08 00 00 00 00 00 00 00
DD 00 00 00 01 00 00 00 03 00 00 00 00 00 00 00
58 1E 60 00 00 00 00 00 58 1E 00 00 00 00 00 00
10 00 00 00 00 00 00 00 00 00 00 00 00 00 00 00
08 00 00 00 00 00 00 00 00 00 00 00 00 00 00 00
E3 00 00 00 08 00 00 00 03 00 00 00 00 00 00 00
70 1E 60 00 00 00 00 00 68 1E 00 00 00 00 00 00
18 00 00 00 00 00 00 00 00 00 00 00 00 00 00 00
10 00 00 00 00 00 00 00 00 00 00 00 00 00 00 00
E8 00 00 00 01 00 00 00 30 00 00 00 00 00 00 00
00 00 00 00 00 00 00 00 68 1E 00 00 00 00 00 00
2D 00 00 00 00 00 00 00 00 00 00 00 00 00 00 00
01 00 00 00 00 00 00 00 01 00 00 00 00 00 00 00
11 00 00 00 03 00 00 00 00 00 00 00 00 00 00 00
00 00 00 00 00 00 00 00 95 1E 00 00 00 00 00 00
F1 00 00 00 00 00 00 00 00 00 00 00 00 00 00 00
01 00 00 00 00 00 00 00 00 00 00 00 00 00 00 00
01 00 00 00 02 00 00 00 00 00 00 00 00 00 00 00
00 00 00 00 00 00 00 00 88 1F 00 00 00 00 00 00
20 07 00 00 00 00 00 00 1C 00 00 00 2C 00 00 00
08 00 00 00 00 00 00 00 18 00 00 00 00 00 00 00
09 00 00 00 03 00 00 00 00 00 00 00 00 00 00 00
00 00 00 00 00 00 00 00 A8 26 00 00 00 00 00 00
27 03 00 00 00 00 00 00 00 00 00 00 00 00 00 00
01 00 00 00 00 00 00 00 00 00 00 00 00 00 00 00
